PATH -0.254011 0.046814 1.018442 0.535725 -0.561434 -0.435564 -0.456152
PATH -0.255589 0.046804 1.017690 0.534937 -0.563919 -0.436890 -0.452731
PATH -0.256883 0.037113 1.020478 0.536128 -0.562577 -0.438417 -0.451513
PATH -0.260050 0.037239 1.011695 0.535764 -0.565195 -0.437154 -0.449898
PATH -0.259535 0.036549 1.009148 0.536372 -0.567804 -0.436121 -0.446881
PATH -0.262237 0.037045 1.004217 0.536301 -0.570635 -0.436575 -0.442899
PATH -0.266290 0.024525 0.978633 0.538772 -0.574743 -0.433103 -0.437969
PATH -0.230698 0.042312 0.847337 0.521970 -0.576630 -0.447399 -0.441451
PATH -0.207112 0.066282 0.705506 0.521543 -0.567364 -0.456278 -0.444862
PATH 2.499039 0.054124 1.066572 0.698160 -0.158968 0.058738 -0.695594
PATH 3.763361 0.074793 1.320662 0.683834 -0.126260 0.102532 -0.711278
PATH 5.560589 0.075020 1.600932 0.673604 -0.052482 0.114128 -0.728340
PATH 7.234198 0.083006 1.813208 0.694003 -0.084597 0.116628 -0.705408
PATH 15.484118 0.254796 3.103752 0.697452 -0.103125 0.074152 -0.705285
PATH 16.869077 0.237042 3.432296 0.679272 -0.127859 0.082438 -0.717945
PATH 17.111940 0.241385 3.466302 0.686675 -0.140222 0.056554 -0.711067
TAG 21.663031 -0.367443 2.740501 -0.019949 -0.128377 -0.009164 0.991483
TAG 21.670921 -0.385249 2.746401 -0.025558 -0.130263 -0.017001 0.991004
TAG 21.672244 -0.353612 2.739191 -0.010324 -0.130852 -0.001164 0.991348
TAG 21.678000 -0.357752 2.741742 -0.012408 -0.129737 -0.003903 0.991463
TAG 21.735328 -0.373625 2.757330 -0.011683 -0.134056 -0.006140 0.990886
TAG 21.759833 -0.370365 2.768085 -0.004658 -0.129036 -0.003472 0.991623
TAG 21.766388 -0.362600 2.767777 -0.004653 -0.135277 -0.002126 0.990795
TAG 21.764026 -0.356745 2.772200 0.000541 -0.134554 0.000498 0.990906
TAG 21.764654 -0.359957 2.768994 0.000804 -0.130120 -0.002222 0.991496
PATH 21.222658 0.217141 3.700888 0.687813 -0.459492 -0.163677 -0.537579
TAG 21.807994 -0.367164 2.778452 -0.000904 -0.134307 -0.001531 0.990938
TAG 21.785356 -0.369633 2.778842 -0.004462 0.135750 -0.001117 -0.990733
TAG 21.737799 -0.388652 2.766582 0.001967 0.133260 0.000990 -0.991079
TAG 21.732506 -0.390159 2.764836 -0.004125 0.136215 0.003874 -0.990663
TAG 21.744224 -0.395470 2.770640 -0.008652 0.132788 0.003685 -0.991100
TAG 21.740423 -0.394466 2.771728 -0.003385 0.130765 0.002131 -0.991406
TAG 21.740945 -0.399820 2.772789 -0.000924 0.136539 0.001302 -0.990634
TAG 21.741305 -0.399087 2.773701 -0.002794 0.130269 0.003410 -0.991469
TAG 21.742558 -0.393696 2.779720 -0.007756 0.133176 0.002645 -0.991059
TAG 21.744317 -0.392797 2.782528 -0.006034 0.132591 -0.000943 -0.991152
TAG 21.743521 -0.394504 2.783038 -0.004330 0.132107 0.001631 -0.991225
TAG 21.744103 -0.390232 2.786592 -0.006455 0.129415 0.001929 -0.991568
TAG 21.744330 -0.394165 2.786144 0.002730 0.131871 0.002833 -0.991259
TAG 21.742703 -0.396737 2.785344 0.000400 0.130345 0.002492 -0.991466
TAG 21.741901 -0.393166 2.785048 0.003289 0.126544 0.002762 -0.991952
TAG 21.740075 -0.392919 2.784380 0.001075 0.128698 0.002363 -0.991681
TAG 21.739430 -0.394873 2.782529 0.000812 0.129961 0.002493 -0.991516
TAG 21.738036 -0.393411 2.781258 -0.002896 0.130674 0.001529 -0.991420
TAG 21.739798 -0.397075 2.779756 -0.001252 0.127726 0.001241 -0.991808
TAG 21.740495 -0.393682 2.780060 0.000974 0.132131 0.002894 -0.991228
TAG 21.740486 -0.394865 2.780853 0.001669 0.130656 0.002879 -0.991422
TAG 21.741296 -0.393320 2.781732 -0.001352 0.131518 0.002387 -0.991310
TAG 21.742331 -0.392836 2.781342 -0.002407 0.126791 0.002088 -0.991925
TAG 21.743275 -0.392588 2.781977 0.000375 0.127908 0.003519 -0.991780
TAG 21.744285 -0.395847 2.780828 0.001202 0.130496 0.003193 -0.991443
TAG 21.743851 -0.395046 2.780677 -0.001484 0.129647 0.002187 -0.991557
TAG 21.743675 -0.395059 2.780417 0.000349 0.128889 0.002601 -0.991656
TAG 21.743633 -0.396445 2.779743 0.004533 0.125616 0.002950 -0.992064
TAG 21.743862 -0.395868 2.780263 -0.001813 0.129126 0.002287 -0.991624
TAG 21.743986 -0.396016 2.780859 -0.001595 0.129810 0.002151 -0.991536
TAG 21.744395 -0.395989 2.781356 0.000598 0.129293 0.002727 -0.991603
TAG 21.744635 -0.394223 2.781296 -0.001940 0.131323 0.001723 -0.991336
TAG 21.744909 -0.396495 2.780739 -0.000195 0.129455 0.002053 -0.991583
TAG 21.742957 -0.394755 2.781053 -0.003026 0.129378 0.001887 -0.991589
TAG 21.744091 -0.396568 2.781255 -0.000897 0.127516 0.002899 -0.991832
TAG 21.744379 -0.396145 2.780922 -0.002908 0.130040 0.001861 -0.991503
TAG 21.744414 -0.395730 2.781325 -0.001763 0.130886 0.002373 -0.991393
TAG 21.745486 -0.394066 2.781951 -0.002380 0.130638 0.002552 -0.991424
TAG 21.744517 -0.392958 2.781733 -0.003005 0.128062 0.001702 -0.991761
TAG 21.744615 -0.396226 2.780927 -0.000750 0.127038 0.003106 -0.991893
TAG 21.744389 -0.395325 2.781135 -0.000083 0.129530 0.002878 -0.991572
TAG 21.744183 -0.395095 2.781264 0.000004 0.133250 0.002635 -0.991079
TAG 21.743541 -0.394624 2.781996 -0.000997 0.129887 0.002968 -0.991524
PATH 21.483750 -0.378295 3.424202 -0.640938 0.534086 0.329204 0.442240
TAG 21.743580 -0.395904 2.780188 0.000159 0.129964 0.002835 -0.991515
TAG 21.743680 -0.396320 2.780403 0.001721 0.128394 0.002806 -0.991718
TAG 21.743868 -0.396341 2.780477 -0.000037 0.131285 0.002305 -0.991342
TAG 21.743398 -0.395776 2.780147 -0.001523 0.129704 0.002208 -0.991549
TAG 21.743396 -0.396893 2.780194 -0.000497 0.129103 0.002437 -0.991628
TAG 21.743139 -0.396632 2.779623 -0.001192 0.129462 0.002058 -0.991582
PATH 21.487896 -0.374545 3.439422 -0.622164 0.538289 0.334894 0.459350
TAG 21.742207 -0.395438 2.778002 -0.001160 0.130920 0.002274 -0.991390
TAG 21.742111 -0.395897 2.779036 0.000085 0.128055 0.002944 -0.991763
TAG 21.741713 -0.395710 2.776995 -0.001985 0.130928 0.002340 -0.991387
TAG 21.739655 -0.395184 2.776023 0.003660 0.127979 0.003782 -0.991763
TAG 21.741681 -0.396024 2.775765 -0.003961 0.127606 0.002149 -0.991815
TAG 21.739541 -0.395887 2.775783 0.000258 0.130963 0.002380 -0.991385
TAG 21.740598 -0.397602 2.776096 -0.003187 0.125676 0.002163 -0.992064
TAG 21.740796 -0.396202 2.778111 0.000204 0.126630 0.002847 -0.991946
TAG 21.740875 -0.396028 2.778918 0.001320 0.126838 0.003406 -0.991917
TAG 21.740318 -0.395378 2.779582 0.000202 0.124756 0.002837 -0.992184
TAG 21.741066 -0.396034 2.778778 0.000170 0.131928 0.002923 -0.991255
TAG 21.740911 -0.396647 2.778986 -0.003973 0.124907 0.001713 -0.992159
TAG 21.741877 -0.395998 2.777499 -0.004257 0.124902 0.002200 -0.992158
TAG 21.742267 -0.396032 2.778021 0.000470 0.125710 0.003514 -0.992061
TAG 21.743126 -0.395590 2.777520 -0.001000 0.129091 0.002646 -0.991629
PATH 21.492562 -0.375512 3.441571 -0.620141 0.540924 0.333385 0.460089
TAG 21.742634 -0.393533 2.777842 -0.004197 0.129169 0.001979 -0.991612
TAG 21.743202 -0.396116 2.777666 -0.004487 0.127186 0.002160 -0.991867
TAG 21.742410 -0.396360 2.777716 0.000468 0.125098 0.003399 -0.992139
TAG 21.742727 -0.396331 2.777710 0.000982 0.123055 0.003192 -0.992395
TAG 21.742079 -0.396288 2.777579 -0.000496 0.130915 0.002498 -0.991391
TAG 21.741839 -0.396383 2.777329 -0.001970 0.126049 0.002649 -0.992019
TAG 21.742647 -0.399963 2.776581 0.005446 0.128252 0.003936 -0.991719
TAG 21.741526 -0.393891 2.776922 -0.004095 0.131315 0.002819 -0.991328
TAG 21.742222 -0.396162 2.776417 -0.000813 0.130329 0.002896 -0.991467
TAG 21.742098 -0.396314 2.776098 -0.003808 0.131432 0.002284 -0.991315
TAG 21.741644 -0.396527 2.776210 -0.004026 0.122609 0.002303 -0.992444
TAG 21.742235 -0.395971 2.776417 -0.004864 0.127158 0.002115 -0.991869
TAG 21.741591 -0.396230 2.777077 -0.003977 0.126366 0.002030 -0.991974
TAG 21.742007 -0.396184 2.777538 -0.001778 0.123690 0.002382 -0.992317
TAG 21.742359 -0.396324 2.776778 -0.007399 0.128877 0.001222 -0.991632
TAG 21.742921 -0.396662 2.777607 -0.000979 0.125058 0.003028 -0.992145
TAG 21.743044 -0.396299 2.777919 -0.002353 0.124312 0.002586 -0.992237
TAG 21.742480 -0.397085 2.776975 -0.004484 0.128354 0.002253 -0.991716
TAG 21.743013 -0.395720 2.778054 -0.000491 0.123172 0.002687 -0.992382
TAG 21.743194 -0.396174 2.777988 -0.000603 0.123922 0.003086 -0.992287
TAG 21.743514 -0.396340 2.777411 -0.001837 0.125927 0.002366 -0.992035
TAG 21.743115 -0.395552 2.777218 -0.002503 0.123907 0.002595 -0.992288
TAG 21.743065 -0.395114 2.776966 -0.005285 0.126455 0.001385 -0.991958
TAG 21.742812 -0.395784 2.776844 -0.002126 0.131100 0.002312 -0.991364
TAG 21.743097 -0.395822 2.776940 -0.000371 0.125963 0.002905 -0.992031
TAG 21.743032 -0.393998 2.778055 -0.002359 0.127117 0.003066 -0.991880
TAG 21.743117 -0.397107 2.777321 -0.001724 0.126680 0.002705 -0.991939
TAG 21.742108 -0.396253 2.777041 -0.002592 0.129942 0.002725 -0.991515
TAG 21.742285 -0.395821 2.777440 -0.001931 0.127570 0.002701 -0.991824
TAG 21.742597 -0.396133 2.777267 -0.002005 0.129123 0.003168 -0.991622
TAG 21.742956 -0.395463 2.778063 -0.000446 0.129002 0.003074 -0.991640
TAG 21.742327 -0.395761 2.778105 -0.000599 0.126725 0.004339 -0.991928
TAG 21.742782 -0.394470 2.778583 -0.002528 0.127301 0.002881 -0.991857
TAG 21.742661 -0.395174 2.778107 -0.001219 0.125206 0.003330 -0.992125
TAG 21.742984 -0.395736 2.777260 -0.001598 0.127792 0.002981 -0.991796
TAG 21.743237 -0.395869 2.776722 -0.003072 0.124011 0.002312 -0.992274
TAG 21.744604 -0.398582 2.776446 0.000933 0.127558 0.002035 -0.991829
TAG 21.741786 -0.391364 2.778126 -0.001037 0.123189 0.003151 -0.992378
TAG 21.742793 -0.395543 2.776697 -0.000750 0.126811 0.003138 -0.991922
TAG 21.742929 -0.395712 2.776126 -0.001171 0.126359 0.003337 -0.991979
TAG 21.742055 -0.395366 2.776060 0.000873 0.125662 0.003219 -0.992068
TAG 21.741548 -0.393942 2.777055 0.002428 0.121751 0.003260 -0.992553
TAG 21.742358 -0.395068 2.777161 -0.000533 0.124166 0.003028 -0.992257
TAG 21.742708 -0.394672 2.776892 -0.001969 0.128175 0.002658 -0.991746
TAG 21.743230 -0.395285 2.777257 -0.001908 0.125186 0.002743 -0.992128
TAG 21.743146 -0.395181 2.777366 0.000957 0.126779 0.003271 -0.991925
TAG 21.743251 -0.396069 2.777074 -0.000114 0.130444 0.002679 -0.991452
TAG 21.742749 -0.394461 2.777620 0.001144 0.126274 0.003416 -0.991989
TAG 21.742997 -0.395618 2.777893 -0.000956 0.125452 0.002518 -0.992096
TAG 21.742878 -0.395415 2.777465 0.000645 0.126607 0.003240 -0.991948
TAG 21.742957 -0.395332 2.777450 -0.000211 0.128189 0.003064 -0.991745
TAG 21.742512 -0.394417 2.777520 0.000596 0.127265 0.002475 -0.991866
TAG 21.743954 -0.396092 2.777024 -0.001025 0.125156 0.002843 -0.992133
TAG 21.744033 -0.395132 2.776329 -0.002532 0.125965 0.002745 -0.992028
TAG 21.744103 -0.394990 2.776746 -0.001164 0.124924 0.002462 -0.992163
TAG 21.743369 -0.394819 2.777143 0.000466 0.123210 0.002497 -0.992378
TAG 21.742796 -0.395174 2.777357 -0.000643 0.123809 0.002395 -0.992303
TAG 21.742300 -0.395678 2.777326 0.000191 0.123443 0.002143 -0.992350
TAG 21.744118 -0.393618 2.778899 -0.003537 0.126084 0.002713 -0.992010
TAG 21.744041 -0.395188 2.778029 -0.002408 0.126304 0.003305 -0.991983
TAG 21.743631 -0.395200 2.777358 -0.003639 0.125733 0.002309 -0.992055
TAG 21.742538 -0.395178 2.777463 -0.001599 0.126030 0.002674 -0.992022
TAG 21.743010 -0.395787 2.777816 -0.001253 0.120353 0.002296 -0.992728
TAG 21.745888 -0.397204 2.776625 0.001497 0.124633 0.003853 -0.992195
TAG 21.744987 -0.394829 2.777461 -0.004982 0.125719 0.003130 -0.992049
TAG 21.744633 -0.397424 2.778762 -0.002194 0.126058 0.002106 -0.992018
TAG 21.744703 -0.396642 2.780581 -0.006357 0.128534 0.002270 -0.991682
TAG 21.744763 -0.399046 2.784274 -0.005902 0.138078 -0.001147 -0.990403
TAG 21.738933 -0.389231 2.790072 0.011494 -0.137734 -0.004329 0.990393
TAG 21.731670 -0.396278 2.786447 0.006468 -0.135448 -0.000810 0.990763
TAG 21.733845 -0.413326 2.780333 0.001137 -0.138379 -0.001814 0.990377
TAG 21.734317 -0.416521 2.782668 0.003105 -0.136250 -0.002858 0.990666
PATH 27.986712 0.322926 6.300810 0.670167 -0.078035 0.088173 -0.732811
PATH 28.175379 0.308776 6.482698 0.635787 0.009285 0.211587 -0.742240
PATH 28.933150 0.067109 7.310123 0.287825 0.494911 0.602221 -0.556371
PATH 28.925486 0.062372 7.322563 0.280344 0.495897 0.618618 -0.541115
PATH 28.812767 0.062977 7.579916 0.232133 0.473793 0.662633 -0.531557
PATH 28.893643 0.106607 7.609499 0.282100 0.443546 0.657291 -0.540050
PATH 39.089827 0.495087 11.675927 0.675184 -0.136550 0.057457 -0.722620
PATH 40.285103 0.533594 10.928857 -0.067361 0.679712 0.723740 -0.098258
PATH 41.549039 0.461630 13.401151 0.668743 -0.095901 0.129106 -0.725891
PATH 43.013065 0.492427 13.839649 0.657483 0.025526 0.170105 -0.733573
PATH 45.091735 0.363973 15.685580 0.260861 0.541802 0.628913 -0.492819
PATH 49.277858 0.504755 17.984348 0.726328 -0.323394 -0.087188 -0.600219
PATH 50.122546 0.327617 18.066166 0.668218 -0.475496 -0.177928 -0.543810
PATH 50.099421 0.360003 18.072316 0.654493 -0.488618 -0.174001 -0.550105
PATH 55.181801 0.572692 16.543025 0.597129 0.127940 0.383093 -0.693042
PATH 55.038831 0.580484 16.548022 0.583469 0.241412 0.383354 -0.674035
PATH 54.869823 0.613550 16.548420 0.530074 0.348801 0.468925 -0.614385
PATH 53.927980 0.584087 16.669972 0.153812 0.581496 0.724473 -0.336665
PATH 53.658571 0.506417 20.201504 0.637152 -0.479995 -0.211270 -0.564808
PATH 53.958498 0.446775 16.493193 -0.288697 0.758932 0.583632 0.007038
PATH 53.972158 0.466350 16.305133 -0.335238 0.744623 0.571847 0.078381
PATH 53.320237 0.476544 13.391794 -0.494291 0.680673 0.474680 0.258920
PATH 52.776246 0.562533 13.202124 -0.233023 0.729817 0.639996 0.058932
PATH 52.750679 0.598086 12.984487 -0.257858 0.721288 0.625619 0.147832
PATH 52.739575 0.616587 12.872227 -0.257411 0.720212 0.622674 0.165264
PATH 52.717968 0.618664 12.750128 -0.286969 0.721750 0.610537 0.154827
PATH 52.757997 0.653683 12.199166 -0.358256 0.708084 0.561880 0.233583
PATH 52.755789 0.631949 12.071810 -0.367098 0.702700 0.559237 0.242295
PATH 52.748348 0.606484 11.959788 -0.360950 0.705835 0.563226 0.232999
PATH 52.720934 0.604046 11.754810 -0.402883 0.700761 0.547824 0.215661
PATH 52.741071 0.587119 11.531699 -0.453562 0.684806 0.496055 0.281520
PATH 52.845364 0.598775 11.372447 -0.531264 0.626808 0.420531 0.384739
PATH 53.072838 0.589767 11.219688 -0.603691 0.539474 0.333152 0.483255
PATH 53.251852 0.602354 11.057167 -0.621201 0.525194 0.306205 0.494489
PATH 53.380941 0.606185 10.893182 0.634387 -0.490059 -0.302483 -0.515655
PATH 53.420690 0.612354 10.828219 0.628469 -0.487081 -0.298337 -0.527990
PATH 53.518291 0.620089 10.600006 0.624927 -0.493125 -0.319019 -0.514315
PATH 53.549154 0.605788 10.516174 -0.611850 0.508133 0.341362 0.500912
PATH 53.608448 0.599723 10.278572 -0.611026 0.554703 0.347848 0.444919
PATH 53.612344 0.595459 10.221264 -0.612013 0.553176 0.343384 0.448914
PATH 53.619164 0.580629 10.041037 0.632358 -0.491470 -0.216061 -0.558478
PATH 53.622773 0.583204 10.002982 0.645168 -0.463997 -0.192342 -0.575734
PATH 53.627491 0.582017 9.979243 0.646434 -0.449221 -0.195783 -0.584802
PATH 53.641644 0.576947 9.922504 0.655535 -0.432866 -0.171304 -0.594606
PATH 53.627503 0.573350 9.870730 0.677353 -0.353167 -0.100433 -0.637479
PATH 53.609288 0.551331 9.839234 0.670417 -0.325033 -0.050051 -0.665124
PATH 53.594112 0.546589 9.829795 0.673051 -0.308787 -0.041182 -0.670789
PATH 53.587524 0.551128 9.827773 0.684994 -0.295790 -0.033244 -0.664971
PATH 53.581815 0.553779 9.817768 0.687122 -0.293877 -0.040260 -0.663234
PATH 53.582983 0.553813 9.811385 0.691475 -0.298904 -0.036570 -0.656645
PATH 53.575989 0.561959 9.824667 0.689617 -0.292607 -0.044834 -0.660908
PATH 53.574981 0.565461 9.832047 0.689508 -0.290453 -0.045865 -0.661901
PATH 53.570895 0.568953 9.843742 0.688838 -0.284974 -0.050603 -0.664629
PATH 53.570514 0.568022 9.847692 0.687905 -0.287480 -0.050459 -0.664527
PATH 53.565757 0.564473 9.854088 0.686999 -0.286155 -0.051395 -0.665963
PATH 53.566515 0.558708 9.854447 0.686629 -0.288370 -0.047372 -0.665687
PATH 53.576854 0.539405 9.849028 0.685446 -0.306150 -0.023423 -0.660218
PATH 53.581857 0.533394 9.849848 0.685001 -0.306181 -0.012739 -0.660958
PATH 53.599820 0.518981 9.837937 0.686501 -0.315420 0.001850 -0.655151
PATH 53.604947 0.518959 9.837614 0.678068 -0.310475 -0.017941 -0.665964
PATH 53.627596 0.494093 9.852868 0.664399 -0.329796 0.012755 -0.670557
PATH 53.633062 0.495987 9.866742 0.664153 -0.324086 0.018687 -0.673439
PATH 53.654443 0.499635 9.908413 0.661792 -0.315671 0.019301 -0.679714
PATH 53.686278 0.490221 9.959135 0.645227 -0.340447 -0.007169 -0.683905
PATH 53.703038 0.490181 9.975771 0.648429 -0.366852 -0.025383 -0.666570
PATH 53.738102 0.501111 10.029716 0.655211 -0.425245 -0.090117 -0.617855
PATH 53.865095 0.512835 10.283207 0.650590 -0.373475 -0.049438 -0.659397
PATH 53.929297 0.577314 10.753422 0.671228 -0.086838 0.150326 -0.720635
PATH 53.788539 0.609543 11.073409 0.602883 0.147816 0.305560 -0.722022
PATH 53.346086 0.630910 11.441172 0.435740 0.424997 0.540220 -0.581094
PATH 53.174670 0.628109 11.524678 0.357192 0.488675 0.590141 -0.534176
PATH 53.054375 0.618099 11.562431 0.307085 0.535970 0.608022 -0.498743
PATH 52.381237 0.577607 11.503240 0.009356 0.701864 0.663354 -0.259348
PATH 52.051116 0.623252 11.350632 -0.079511 0.716884 0.678608 -0.138734
PATH 51.954466 0.620593 11.285996 -0.114634 0.720341 0.677765 -0.092757
PATH 51.503533 0.458996 10.673040 -0.301627 0.706669 0.624781 0.138885
PATH 51.390728 0.366829 10.492785 -0.346789 0.711408 0.596958 0.131446
PATH 51.235166 0.166425 10.221079 -0.350079 0.704926 0.598537 0.149256
PATH 51.191246 0.089819 10.128450 -0.330033 0.704552 0.608194 0.157435
PATH 51.097553 -0.057696 9.916112 -0.358709 0.702112 0.588341 0.179502
PATH 50.955080 -0.272390 9.586523 -0.338614 0.709892 0.590646 0.180362
PATH 50.887008 -0.371137 9.413145 -0.368635 0.698871 0.583778 0.186792
PATH 50.829489 -0.482780 9.241696 -0.362057 0.684513 0.592127 0.223031
PATH 50.690732 -0.691965 8.894042 -0.385138 0.665119 0.593370 0.239162
PATH 50.597212 -0.885151 8.653330 -0.388867 0.682908 0.573055 0.232438
PATH 50.499344 -1.047172 8.429260 -0.398259 0.692859 0.563661 0.208858
PATH 50.317074 -1.374819 7.976648 -0.391619 0.691051 0.571670 0.205613
PATH 50.230275 -1.522778 7.739962 -0.413196 0.691446 0.554039 0.210267
PATH 50.146583 -1.675048 7.538478 -0.399215 0.674766 0.580754 0.219190
PATH 50.048374 -1.841041 7.250953 -0.405229 0.670366 0.581029 0.220916
PATH 50.006976 -1.946885 7.103077 -0.409825 0.662111 0.578441 0.243020
PATH 49.906168 -2.144529 6.749651 -0.405445 0.681589 0.567191 0.222139
PATH 49.890575 -2.203194 6.642334 -0.409617 0.688088 0.550976 0.234892
PATH 49.865488 -2.400644 6.323384 -0.409339 0.679699 0.538089 0.284449
PATH 49.873428 -2.481960 6.156789 -0.422477 0.666682 0.527056 0.315056
PATH 49.909794 -2.545749 5.980155 -0.445939 0.646406 0.501081 0.363614
PATH 50.080895 -2.586422 5.619017 -0.511342 0.605366 0.430193 0.432430
PATH 50.606080 -2.549508 5.295392 0.599451 -0.431065 -0.273699 -0.616385
PATH 50.792034 -2.551351 5.288897 0.631998 -0.326705 -0.174797 -0.680653
PATH 51.077584 -2.559187 5.383993 0.658096 -0.185457 -0.012031 -0.729638
PATH 51.184153 -2.565187 5.431725 0.661873 -0.151880 0.007608 -0.734029
PATH 51.301717 -2.562011 5.475990 0.667507 -0.138084 0.062798 -0.728988
PATH 51.398630 -2.560835 5.529499 0.667514 -0.113311 0.100515 -0.729028
PATH 51.655826 -2.572680 5.759967 0.644719 0.023537 0.199814 -0.737467
PATH 51.807939 -2.555961 5.936295 0.627044 0.081026 0.282033 -0.721601
PATH 51.866470 -2.566569 6.032924 0.613599 0.114324 0.306865 -0.718513
PATH 52.027803 -2.558029 6.328231 0.614748 0.135085 0.317970 -0.709036
PATH 52.167983 -2.545208 6.595985 0.620723 0.144475 0.307950 -0.706397
PATH 52.856921 -3.414603 8.593472 0.603097 0.078333 0.298348 -0.735613
PATH 53.243842 -4.086211 9.661590 0.648662 0.006089 0.211809 -0.730984
PATH 53.802430 -4.314335 10.279932 0.692990 -0.278643 -0.002026 -0.664920
PATH 53.797707 -4.338078 10.264884 0.699528 -0.302860 0.018503 -0.646989
PATH 53.612530 -4.298970 11.226501 0.634273 0.015675 0.226441 -0.739038
PATH 53.331265 -4.269624 11.899586 0.577297 0.178651 0.446377 -0.659970
PATH 53.189773 -4.250980 12.303467 0.594620 0.221570 0.400548 -0.660981
PATH 53.153903 -4.218658 12.408423 0.624651 0.195263 0.379976 -0.653683
PATH 53.097998 -4.276151 12.424936 0.641683 -0.098720 0.199543 -0.733948
PATH 52.873869 -4.284272 12.607550 0.504773 0.209326 0.515369 -0.660137
PATH 53.646266 -4.208580 15.566049 0.605572 0.256285 0.356447 -0.663737
PATH 53.987053 -4.204647 16.295109 0.582109 0.254847 0.360881 -0.682618
PATH 54.292474 -4.215987 18.273923 0.280124 0.570512 0.607026 -0.477039
PATH 54.295636 -4.207347 18.383507 0.234495 0.590506 0.639555 -0.432764
PATH 54.296837 -4.209192 18.447659 0.161528 0.642090 0.653084 -0.367575
PATH 54.174951 -4.203395 18.624076 0.069317 0.670953 0.690404 -0.261457
PATH 54.175370 -4.205216 18.623282 0.067939 0.670507 0.690388 -0.263002
PATH 54.169082 -4.207062 18.627516 0.063765 0.666952 0.691988 -0.268816
PATH 54.160673 -4.233469 18.771519 0.074127 0.667448 0.689014 -0.272542
PATH 54.674723 -4.204534 21.394496 0.340785 0.512392 0.598809 -0.512590
PATH 51.998280 -4.231777 21.327377 0.043254 0.665595 0.692701 -0.274369
PATH 51.740119 -4.205645 21.451169 0.099033 0.657398 0.693073 -0.278694
PATH 47.744411 -4.206340 23.111330 0.071295 0.661458 0.691905 -0.280463
PATH 47.457687 -4.205444 23.230125 0.056693 0.669112 0.690271 -0.269448
PATH 43.503728 -4.130094 24.787368 0.133239 0.658527 0.693693 -0.259578
PATH 40.304368 -4.152689 26.199418 0.141672 0.637912 0.689408 -0.312594
PATH 39.784558 -4.150534 26.501527 0.124935 0.630792 0.696445 -0.318524
PATH 35.917584 -4.079242 28.864362 0.148785 0.635124 0.677582 -0.339652
PATH 32.712980 -4.126395 29.778430 -0.320129 0.707102 0.617159 0.128994
PATH 33.040205 -4.124657 29.505323 -0.377689 0.693995 0.570708 0.223639
PATH 33.065132 -4.138258 29.524885 -0.397177 0.692950 0.561414 0.216529
PATH 33.064506 -4.142847 29.529470 -0.381502 0.700888 0.565880 0.207345
PATH 23.189817 -4.018010 39.129863 0.395335 0.458101 0.554174 -0.571617
PATH 23.125556 -4.002723 39.581433 0.503739 0.371345 0.488101 -0.608364
PATH 23.315517 -3.999653 40.093084 0.612832 0.130215 0.294489 -0.721636
PATH 23.498338 -4.014072 40.226779 0.661358 0.059178 0.215318 -0.716060
PATH 23.657936 -4.026259 40.284928 0.654533 -0.001966 0.192571 -0.731095
PATH 24.239267 -4.008237 40.301281 0.602872 0.108621 0.302873 -0.730079
PATH 24.381192 -4.006682 40.343545 0.594435 0.177718 0.337579 -0.707887
PATH 18.648401 -3.976546 43.856494 -0.000120 0.723391 0.682584 -0.103848
PATH 17.586030 -3.902655 44.604159 -0.163663 0.721774 0.672320 0.015612
PATH 17.291067 -3.991407 45.156122 0.009723 0.667338 0.727998 -0.156796
PATH 14.230835 -3.860005 49.192286 0.267510 0.627419 0.632171 -0.367619
PATH 10.792798 -3.848740 48.272339 -0.188365 0.722349 0.658821 0.093201
PATH 9.569587 -3.837019 46.975459 -0.336515 0.674095 0.624259 0.206530
PATH 9.008757 -3.824231 46.178628 -0.267409 0.686957 0.660357 0.143217
PATH 8.922906 -3.833724 46.363414 -0.122250 0.696019 0.707353 -0.016258
PATH 9.334465 -3.871375 47.786094 0.501607 0.352898 0.489854 -0.619594
PATH 11.539765 -3.770697 50.149824 0.663758 0.190233 0.318127 -0.649640
PATH 13.328366 -3.619613 52.363334 0.693071 0.167178 0.160760 -0.682540
PATH 13.463848 -3.662525 52.566618 0.530723 0.324595 0.439378 -0.648011
PATH 11.698838 -3.651738 52.745713 0.214614 0.613527 0.705892 -0.281500
PATH 10.088298 -3.678942 54.941323 0.402179 0.515728 0.618491 -0.435598
PATH 9.927712 -3.679063 55.202115 0.386146 0.515267 0.641995 -0.416213
PATH 7.953652 -3.884294 58.755916 0.101254 0.691057 0.650666 -0.298031
PATH 7.107605 -3.865358 59.058013 -0.271867 0.711310 0.641983 0.089354
PATH 6.913141 -3.852199 59.292714 -0.066368 0.702222 0.704521 -0.078288
PATH 6.555101 -3.880017 60.440797 0.337161 0.499891 0.596107 -0.530177
PATH 2.610290 -3.684822 69.706070 -0.132348 0.721732 0.679307 -0.011406
PATH 2.320931 -3.652656 69.631662 -0.155928 0.713570 0.680821 0.054669
PATH 2.344434 -3.638856 69.635596 -0.130700 0.713652 0.683206 0.082748
PATH 2.309317 -3.663573 69.577546 -0.148350 0.730290 0.662799 0.073261
PATH 2.340520 -3.687959 70.013305 0.085906 0.718875 0.669397 -0.166574
PATH -1.121793 -3.618796 83.893332 0.424775 0.472993 0.532584 -0.558747
PATH 0.641214 -3.583431 86.470343 0.689372 -0.056698 0.184545 -0.698208
PATH 0.770049 -3.341320 84.886113 -0.604364 0.514734 0.346556 0.499692
PATH 1.113392 -2.060139 82.838131 -0.561728 0.483893 0.481481 0.467425
PATH 1.388994 -1.287674 81.430457 -0.533285 0.529591 0.514723 0.412555
PATH 2.519483 1.266498 76.134823 0.687899 -0.247265 -0.182806 -0.657448
PATH 1.712786 1.194146 73.554358 -0.404872 0.670182 0.544626 0.300528
PATH 3.913464 1.194071 66.297316 -0.536358 0.597644 0.466271 0.371125
PATH -0.293942 0.101278 0.898209 0.517307 -0.546280 -0.476841 -0.454527
PATH -0.277464 0.101702 0.888446 0.511347 -0.552397 -0.475442 -0.455342
PATH -0.275065 0.105282 0.890675 0.508947 -0.551182 -0.479007 -0.455767
PATH -0.266326 0.095180 0.885203 0.504289 -0.560105 -0.479269 -0.449751
PATH -0.266111 0.103476 0.892005 0.506252 -0.556476 -0.482472 -0.448625
PATH 2.467507 0.082984 1.071375 -0.681952 -0.047141 -0.067131 0.726782
TAG 21.531834 -0.487611 2.295505 -0.009114 -0.109242 -0.021914 0.993732
TAG 21.576704 -0.479351 2.289448 -0.015121 -0.116737 -0.013782 0.992952
TAG 21.576496 -0.506822 2.305807 -0.015370 -0.119879 -0.015264 0.992552
TAG 21.546394 -0.508723 2.286289 -0.013461 -0.109759 -0.018365 0.993698
TAG 21.557842 -0.492727 2.282946 -0.005271 -0.118336 -0.014375 0.992856
TAG 21.563942 -0.485515 2.292754 0.003504 -0.118764 -0.003586 0.992910
TAG 21.572595 -0.496488 2.288712 -0.006011 -0.122780 -0.011589 0.992348
TAG 21.581969 -0.467524 2.289496 0.009105 -0.125870 -0.007271 0.991979
PATH 20.918999 0.084545 3.380487 0.637203 -0.500899 -0.282475 -0.513109
TAG 21.583004 -0.484012 2.305295 0.011276 -0.122316 -0.007987 0.992395
TAG 21.580746 -0.492959 2.299226 0.004215 -0.127963 -0.007654 0.991741
TAG 21.574883 -0.490437 2.294946 0.004732 -0.128334 -0.006675 0.991698
TAG 21.568274 -0.485733 2.287715 0.007618 -0.123620 -0.008480 0.992264
TAG 21.577349 -0.486253 2.295154 0.007006 -0.126775 -0.006948 0.991883
TAG 21.581502 -0.491769 2.293837 0.004155 -0.132131 -0.005650 0.991208
TAG 21.564033 -0.482994 2.284386 0.009611 -0.127529 -0.006247 0.991769
PATH 21.264960 0.151305 2.921313 0.575973 -0.541516 -0.369968 -0.487995
TAG 21.542897 -0.500850 2.283188 0.007462 -0.129562 -0.003789 0.991536
TAG 21.538014 -0.498747 2.279599 0.010433 -0.126997 -0.006398 0.991828
TAG 21.536981 -0.499571 2.282343 0.009862 -0.128725 -0.004037 0.991623
TAG 21.533933 -0.498712 2.282027 0.011574 -0.127365 -0.005135 0.991775
TAG 21.531034 -0.499168 2.282226 0.011854 -0.127565 -0.005610 0.991744
TAG 21.529483 -0.499350 2.282291 0.011411 -0.127838 -0.005226 0.991716
TAG 21.529511 -0.499808 2.283013 0.010674 -0.128254 -0.005588 0.991668
TAG 21.527790 -0.498697 2.282947 0.012196 -0.126669 -0.005628 0.991854
TAG 21.529638 -0.498001 2.283441 0.011769 -0.127489 -0.004966 0.991758
TAG 21.530767 -0.498983 2.283949 0.009784 -0.127947 -0.004631 0.991722
TAG 21.527701 -0.498667 2.285276 0.010051 -0.126722 -0.006200 0.991868
TAG 21.530048 -0.495490 2.287249 0.010777 -0.126962 -0.005159 0.991836
TAG 21.529826 -0.493665 2.289665 0.012249 -0.126737 -0.004632 0.991850
TAG 21.528369 -0.495349 2.290862 0.010494 -0.125895 -0.005724 0.991972
PATH 21.237636 0.154244 2.841901 0.577286 -0.518172 -0.370676 -0.510723
TAG 21.534425 -0.496627 2.290968 0.010263 -0.129154 -0.004488 0.991562
TAG 21.534528 -0.497729 2.289928 0.010091 -0.126834 -0.005397 0.991858
TAG 21.534445 -0.496978 2.287938 0.011827 -0.126017 -0.005471 0.991943
TAG 21.535562 -0.499095 2.285988 0.010586 -0.128083 -0.004866 0.991695
TAG 21.535354 -0.500140 2.284709 0.010570 -0.126907 -0.005786 0.991842
TAG 21.536279 -0.499813 2.283548 0.010622 -0.128642 -0.005508 0.991619
TAG 21.535427 -0.497424 2.282773 0.012244 -0.126214 -0.005007 0.991915
TAG 21.536301 -0.497288 2.285138 0.011921 -0.127311 -0.004734 0.991780
TAG 21.535888 -0.496782 2.286332 0.011906 -0.127986 -0.004667 0.991694
TAG 21.536476 -0.497226 2.287434 0.011466 -0.128462 -0.005160 0.991635
TAG 21.537296 -0.496866 2.287045 0.011104 -0.128375 -0.004288 0.991655
TAG 21.536136 -0.497882 2.287368 0.010925 -0.126679 -0.005470 0.991869
TAG 21.539565 -0.497312 2.288218 0.011024 -0.127175 -0.005231 0.991805
TAG 21.540508 -0.497004 2.289073 0.011114 -0.127782 -0.004766 0.991729
TAG 21.541094 -0.498539 2.290767 0.009804 -0.128544 -0.004901 0.991644
TAG 21.541015 -0.496673 2.291058 0.011558 -0.128904 -0.003684 0.991583
TAG 21.538478 -0.496570 2.291210 0.011410 -0.128354 -0.003872 0.991656
TAG 21.537625 -0.497530 2.290167 0.011287 -0.128523 -0.004237 0.991633
TAG 21.543572 -0.505868 2.292602 0.005646 -0.131523 -0.004169 0.991289
TAG 21.541707 -0.505901 2.286632 0.008751 -0.128230 -0.008282 0.991672
TAG 21.553306 -0.504741 2.290920 0.008197 -0.133191 -0.002681 0.991053
TAG 21.540840 -0.509110 2.290800 0.004925 -0.125883 -0.007793 0.992003
TAG 21.546905 -0.516101 2.291350 0.004408 -0.124836 -0.008857 0.992128
PATH 34.958788 0.249464 9.527356 -0.684647 0.014606 -0.137579 0.715624
PATH 35.741038 0.233942 9.891845 -0.669746 0.053222 -0.129609 0.729253
PATH 37.970773 0.232229 12.493756 -0.307778 -0.567342 -0.614372 0.453808
PATH 39.518437 0.247689 12.084031 0.290869 -0.694462 -0.618105 -0.225973
PATH 37.705248 0.238049 13.037395 -0.286039 -0.555811 -0.638759 0.448601
PATH 44.662161 0.066634 15.061885 -0.259635 -0.548531 -0.637842 0.474195
PATH 44.662613 0.062285 15.068255 -0.260154 -0.543413 -0.635707 0.482595
PATH 44.663291 0.060441 15.072080 -0.260260 -0.540624 -0.635146 0.486395
PATH 45.280413 0.035085 15.564436 -0.458782 -0.326394 -0.510381 0.649998
PATH 52.751410 0.125828 16.742549 0.672749 -0.358143 -0.150329 -0.629718
PATH 54.500410 0.163681 16.151085 -0.606855 -0.131660 -0.302402 0.723150
PATH 51.999722 0.148447 17.672826 -0.285705 -0.543835 -0.668124 0.419793
PATH 52.075911 0.167100 20.010279 -0.701213 0.102339 -0.065613 0.702511
PATH 52.520079 0.090923 20.284073 0.684939 -0.267719 -0.028847 -0.677018
PATH 64.948317 0.057101 24.341231 0.679447 -0.200749 0.049641 -0.703980
PATH 64.786307 0.096648 23.756821 -0.391958 -0.500879 -0.604687 0.479419
PATH 64.852960 0.089684 23.740496 -0.425040 -0.453078 -0.590834 0.514759
PATH 66.700836 0.103318 23.597105 -0.693350 0.055386 -0.152270 0.702148
PATH 67.834984 0.125445 23.575388 -0.680187 0.053688 -0.165333 0.712130
PATH 68.238588 0.103850 23.413240 -0.613968 -0.102045 -0.332562 0.708542
PATH 66.723265 0.092599 23.377774 0.092088 -0.699884 -0.699151 0.113445
PATH 70.889707 -2.985366 18.619538 0.677678 -0.248054 -0.117182 -0.682269
PATH 68.434375 -4.330589 22.574499 -0.323170 -0.537261 -0.632300 0.455091
PATH 67.731023 -4.658080 23.310056 -0.553791 -0.292064 -0.462643 0.627675
PATH 67.625466 -4.661752 23.387538 -0.573804 -0.220597 -0.404397 0.677163
PATH 42.288197 -4.132867 11.504399 0.477504 -0.569295 -0.499049 -0.445919
PATH 42.273900 -4.203514 10.724390 0.638289 -0.442531 -0.285534 -0.561448
PATH 6.632167 -3.550062 -1.963718 0.130439 -0.734839 -0.662818 -0.060572
PATH 6.358905 -3.584545 -2.049345 0.144647 -0.750180 -0.640681 -0.076387
PATH 6.069530 -3.585153 -2.099904 0.185016 -0.746389 -0.636265 -0.061971
PATH 5.816091 -3.610461 -2.155472 0.245394 -0.734526 -0.622741 -0.111568
PATH 5.510431 -3.552880 -2.682270 0.584247 -0.520120 -0.404369 -0.473937
PATH 5.502136 -3.555984 -2.694111 0.588695 -0.515534 -0.401608 -0.475789
PATH -10.093725 -3.396927 -2.510196 0.046514 -0.720256 -0.691281 0.034620
PATH -10.310194 -3.370288 -2.483994 0.025857 -0.712128 -0.700060 0.046066
PATH -22.389985 -3.314053 1.612445 -0.509211 -0.329395 -0.474644 0.637900
PATH -20.124725 -2.523117 1.368177 0.718801 -0.128717 -0.085512 -0.677824
PATH -19.568440 -2.166689 1.219334 0.719801 -0.102344 -0.095669 -0.679897
PATH -0.153382 0.071981 0.748279 0.500982 -0.584821 -0.470864 -0.430453
TAG 21.670189 -0.512938 2.503257 -0.012453 -0.122067 -0.010724 0.992386
TAG 21.665298 -0.533117 2.508669 -0.015501 -0.125397 -0.011963 0.991914
TAG 21.667825 -0.532017 2.507711 -0.011468 -0.130040 -0.009430 0.991398
TAG 21.661662 -0.540999 2.508277 -0.019271 -0.125458 -0.010827 0.991853
TAG 21.671149 -0.529045 2.514659 -0.008713 -0.125757 -0.006473 0.992002
TAG 21.679432 -0.530552 2.520539 0.002291 -0.122526 -0.007220 0.992437
TAG 21.693936 -0.542019 2.516586 -0.008974 -0.132020 -0.006957 0.991182
TAG 21.702271 -0.534515 2.523420 -0.002134 -0.126014 -0.008372 0.991991
TAG 21.706018 -0.535374 2.518877 -0.005129 -0.129610 -0.007707 0.991522
TAG 21.702911 -0.542468 2.518142 -0.002475 -0.131114 -0.007495 0.991336
TAG 21.706487 -0.546447 2.526780 -0.006747 -0.128670 -0.008791 0.991626
TAG 21.699727 -0.544337 2.526553 -0.006921 -0.132587 -0.006778 0.991124
TAG 21.690042 -0.535006 2.534473 -0.003072 -0.126444 -0.008777 0.991931
TAG 21.680289 -0.536133 2.535912 -0.005454 -0.132698 -0.008494 0.991105
TAG 21.671172 -0.545856 2.538465 -0.011666 -0.141981 -0.006810 0.989778
TAG 21.663359 -0.556420 2.531081 -0.008642 -0.138970 -0.006887 0.990235
TAG 21.661626 -0.565468 2.521748 -0.012737 -0.145203 -0.007338 0.989293
PATH 40.122143 0.250258 11.198215 0.336626 -0.676263 -0.602702 -0.257106
PATH 40.064808 0.255700 11.075173 0.291914 -0.688378 -0.628260 -0.214967
PATH 39.970306 0.271611 10.991667 0.252869 -0.689808 -0.661536 -0.150309
PATH 39.919486 0.252706 10.968759 0.260172 -0.706156 -0.646320 -0.126197
PATH 39.961753 0.255592 10.963632 0.299399 -0.692931 -0.628650 -0.187100
PATH 42.629547 0.193672 13.822699 -0.644876 -0.119318 -0.275909 0.702690
PATH 42.868604 0.182367 13.981297 -0.627569 -0.148349 -0.313901 0.696861
PATH 44.412746 0.145725 15.409606 -0.389387 -0.431883 -0.559690 0.590425
PATH 44.432886 0.118339 15.643835 -0.287897 -0.475789 -0.631254 0.540609
PATH 44.441318 0.113661 15.677408 -0.258420 -0.494394 -0.640071 0.528301
PATH 44.456956 0.107821 15.703306 -0.223985 -0.514435 -0.648469 0.514467
PATH 45.510745 0.118247 16.543513 -0.560431 -0.220862 -0.414104 0.682389
PATH 45.958196 0.172220 16.888578 -0.636404 -0.185149 -0.336399 0.668989
PATH 47.084934 0.184951 17.948870 -0.631887 -0.174130 -0.317698 0.685175
PATH 48.119400 0.186751 18.774951 -0.693466 0.067354 -0.094959 0.711022
PATH 51.496746 0.199144 18.655384 0.701689 -0.246214 -0.091888 -0.662244
PATH 52.790369 0.205734 17.934464 0.702526 -0.272302 -0.072546 -0.653488
PATH 54.207168 0.238634 17.504791 -0.646742 -0.067130 -0.277364 0.707310
PATH 54.213214 0.237052 17.499114 -0.645690 -0.064743 -0.274902 0.709452
PATH 54.210161 0.238587 17.505993 -0.641376 -0.065350 -0.278994 0.711709
PATH 54.090770 0.142691 17.863029 -0.552346 -0.120388 -0.435527 0.700526
PATH 54.092417 0.140789 17.865839 -0.548484 -0.115699 -0.439142 0.702093
PATH 54.091977 0.141974 17.865749 -0.548401 -0.115068 -0.439240 0.702199
PATH 54.091885 0.142025 17.865658 -0.548315 -0.114929 -0.439295 0.702255
PATH 54.091251 0.143090 17.865407 -0.548168 -0.114679 -0.439486 0.702291
PATH 54.091170 0.143351 17.865427 -0.548058 -0.114502 -0.439551 0.702365
PATH 54.090907 0.143494 17.865549 -0.547981 -0.114388 -0.439598 0.702414
PATH 54.090691 0.143822 17.865548 -0.548033 -0.114423 -0.439583 0.702378
PATH 54.090165 0.144752 17.866134 -0.547833 -0.113833 -0.439794 0.702497
PATH 54.090298 0.144717 17.866185 -0.547831 -0.113816 -0.439808 0.702493
PATH 51.943047 0.222788 19.046508 -0.265121 -0.545606 -0.698052 0.380458
PATH 51.748096 0.273705 21.321516 0.656599 -0.385393 -0.196337 -0.617901
PATH 51.773979 0.251885 21.387113 0.689707 -0.345347 -0.139258 -0.621005
PATH 53.454923 0.294734 23.904219 -0.626900 -0.148690 -0.379782 0.663817
PATH 53.624908 0.284286 24.111798 -0.629267 -0.161900 -0.349723 0.674911
PATH 54.099122 0.294588 24.562287 -0.639301 -0.108389 -0.304666 0.697656
PATH 55.780942 0.356631 26.668499 -0.634651 -0.170334 -0.318195 0.683342
PATH 56.010911 0.350737 26.934351 -0.642841 -0.153726 -0.329375 0.674267
PATH 56.210938 0.345230 27.208157 -0.632504 -0.164567 -0.382676 0.653006
PATH 58.472927 0.352465 29.261758 -0.699576 -0.018348 -0.147424 0.698944
PATH 58.773994 0.345613 29.354494 0.699929 -0.103267 0.014200 -0.706565
PATH 59.043809 0.349649 29.388750 0.693764 -0.226447 -0.077575 -0.679261
PATH 60.738176 0.280010 28.325696 0.255325 -0.700455 -0.664448 -0.051780
PATH 61.394828 0.317919 27.688688 0.492417 -0.585000 -0.547249 -0.340323
PATH 63.405722 0.302698 26.682999 0.679908 -0.327654 -0.159828 -0.636258
PATH 64.161432 0.224561 26.339995 0.692158 -0.361070 -0.083065 -0.619392
PATH 64.159546 0.222479 26.302948 0.696849 -0.359630 -0.060776 -0.617555
PATH 64.159988 0.210761 26.415745 -0.617442 -0.050952 -0.300569 0.725140
PATH 63.767930 0.228968 26.028211 -0.206717 -0.535446 -0.683280 0.451325
PATH 63.808226 0.279489 25.849054 -0.231641 -0.603232 -0.641403 0.413589
PATH 63.837977 0.270736 25.833012 -0.248804 -0.595398 -0.638889 0.418832
PATH 66.532999 0.254483 25.777340 -0.689844 0.128638 -0.109173 0.704024
PATH 66.748587 0.257927 25.782537 -0.687594 0.152215 -0.114939 0.700596
PATH 66.773855 0.231246 25.767684 -0.681920 0.141274 -0.165342 0.698347
PATH 66.532228 0.319521 25.594777 0.650708 -0.386708 -0.249895 -0.603813
PATH 65.944205 0.214502 25.128223 0.483090 -0.681875 -0.470813 -0.282852
PATH 67.121136 -0.591811 23.103844 0.664177 -0.429358 -0.223123 -0.569857
PATH 67.331177 -0.744217 22.992822 0.648100 -0.445138 -0.200691 -0.584415
PATH 67.748200 -1.006878 22.711488 0.644029 -0.441518 -0.225896 -0.582461
PATH 69.401970 -2.345583 21.294022 0.600936 -0.445654 -0.317567 -0.582598
PATH 69.913174 -2.970442 23.290225 -0.167639 -0.530614 -0.687856 0.466048
PATH 68.250924 -3.986005 24.541650 -0.228101 -0.535371 -0.677413 0.449956
PATH 66.491764 -4.542019 25.713741 -0.487350 -0.386050 -0.547145 0.560435
PATH 64.860447 -4.428730 25.785825 -0.448447 -0.476953 -0.534611 0.534418
PATH 60.057853 -4.395727 28.880111 0.217419 -0.724499 -0.653628 -0.024510
PATH 56.980124 -4.296538 30.053607 0.191033 -0.712581 -0.671794 -0.066543
PATH 55.690766 -4.329807 27.180037 0.340462 -0.639121 -0.647644 -0.236998
PATH 54.591436 -4.285011 25.952421 0.324351 -0.596758 -0.674104 -0.290276
PATH 53.062885 -4.293015 24.326245 0.282230 -0.652156 -0.657085 -0.251552
PATH 51.645240 -4.317333 22.971388 0.319564 -0.639396 -0.661167 -0.227838
PATH 49.779907 -4.352146 20.843444 0.369043 -0.653260 -0.620319 -0.228610
PATH 42.018515 -4.384378 13.625669 0.477358 -0.640394 -0.476744 -0.367070
PATH 33.620760 -4.271936 7.812188 0.238269 -0.691544 -0.669973 -0.127005
PATH 33.475733 -4.288430 7.725268 0.234572 -0.690663 -0.669505 -0.140443
PATH 32.656312 -4.271190 7.393605 0.143929 -0.703952 -0.692872 -0.060536
PATH 29.436620 -4.152189 7.126130 -0.358301 -0.558337 -0.601570 0.444965
PATH 29.451086 -4.150817 7.091084 -0.374345 -0.541999 -0.604791 0.447584
PATH 29.455786 -4.143841 7.070771 -0.384801 -0.546808 -0.595700 0.445052
PATH 29.477543 -4.151928 7.044641 -0.388388 -0.522794 -0.594591 0.471490
PATH 28.796464 -4.138539 7.170793 -0.369946 -0.546824 -0.572569 0.486095
PATH 28.838275 -4.104278 7.956503 -0.405729 -0.491807 -0.560390 0.528653
PATH 28.848368 -4.107258 7.965103 -0.400632 -0.493818 -0.569498 0.520874
PATH 28.859763 -4.105011 7.951521 -0.411849 -0.510312 -0.559064 0.507356
PATH 28.854798 -4.108108 7.947950 -0.413805 -0.506667 -0.559940 0.508449
PATH 27.231038 -4.125627 6.386897 0.176911 -0.677309 -0.661711 -0.268503
PATH 27.022888 -4.134170 6.190966 0.248533 -0.644328 -0.671709 -0.268106
PATH 26.013293 -4.141986 5.341486 0.230483 -0.648724 -0.684749 -0.239068
PATH 23.118252 -4.156289 3.861039 0.181535 -0.678172 -0.687310 -0.186369
PATH 21.825354 -4.057680 2.793395 0.474909 -0.460232 -0.515793 -0.544615
PATH 21.683215 -4.040504 2.554091 0.536396 -0.443288 -0.463108 -0.548913
PATH 21.513542 -4.086112 2.472077 0.460201 -0.541974 -0.545042 -0.444307
PATH 21.285672 -4.128999 2.424332 0.423478 -0.611141 -0.583617 -0.326441
PATH 20.918950 -4.149844 2.439604 0.308241 -0.660210 -0.649738 -0.216682
PATH 18.154303 -4.103664 2.196175 0.066810 -0.708020 -0.702829 -0.016575
PATH 17.479329 -4.068386 -3.073545 0.551350 -0.467779 -0.431344 -0.539573
PATH 17.617843 -4.036541 -3.595453 0.528005 -0.442354 -0.479511 -0.543694
PATH 17.615736 -4.039270 -3.607484 0.528693 -0.452441 -0.475811 -0.537946
PATH 17.614586 -4.042435 -3.611944 0.528400 -0.457591 -0.475015 -0.534569
PATH 13.344365 -3.844383 3.048665 -0.470619 -0.520845 -0.537371 0.467410
PATH 7.062700 -4.054549 0.276406 0.131990 -0.737317 -0.661123 0.043117
PATH 5.958790 -4.043567 -0.004758 0.242099 -0.717791 -0.649943 -0.061138
PATH 4.424175 -4.015978 -0.787732 0.373565 -0.682354 -0.600610 -0.184691
PATH 0.026446 -3.967915 -0.861612 0.000801 -0.694072 -0.718303 0.048003
PATH -3.272743 -3.949269 -0.591283 0.003540 -0.676159 -0.716033 0.173475
PATH -6.586555 -3.833272 -1.194372 0.531802 -0.556156 -0.465784 -0.436946
PATH -8.078241 -3.884951 -1.125024 0.142240 -0.743072 -0.652781 -0.038601
PATH -8.258583 -3.888544 -1.086377 0.104494 -0.746992 -0.656375 0.015973
PATH -23.159666 -3.731595 2.341092 -0.444678 -0.426984 -0.548225 0.565151
PATH -20.603630 -2.970145 2.576007 0.728653 -0.133291 -0.017554 -0.671558
PATH -19.761016 -2.398952 2.202880 0.731040 -0.137633 -0.103727 -0.660211
PATH -18.883020 -1.835767 1.987891 0.717806 -0.108352 -0.142230 -0.672893
PATH -15.991399 -0.723534 1.663968 0.747662 -0.065647 -0.100710 -0.653108
PATH -7.892020 1.096069 -0.938802 0.733587 -0.059741 -0.033108 -0.676154
PATH -3.601060 1.114237 -0.727541 0.738168 -0.052749 -0.030278 -0.671869
TAG 22.062412 -0.367566 2.746772 -0.030279 -0.109672 -0.013813 0.993411
PATH 20.587394 0.179126 4.083460 0.685649 -0.317033 -0.082833 -0.650012
TAG 22.119160 -0.380520 2.731381 -0.031569 -0.123067 -0.017181 0.991748
TAG 22.140690 -0.385129 2.743401 -0.028340 -0.132683 -0.012129 0.990679
TAG 22.145581 -0.373193 2.741474 -0.023852 -0.132347 -0.003603 0.990910
TAG 22.157346 -0.366291 2.744397 -0.016043 -0.136207 -0.003841 0.990543
TAG 22.164235 -0.356814 2.751409 -0.006440 -0.132991 -0.005036 0.991084
TAG 22.148565 -0.381682 2.738608 -0.021568 -0.143978 -0.009089 0.989304
TAG 22.153185 -0.366264 2.736536 -0.014773 -0.135339 -0.003110 0.990685
TAG 22.147374 -0.357271 2.736329 -0.004262 -0.129109 -0.002883 0.991617
TAG 22.143784 -0.366745 2.732161 -0.007876 -0.136131 -0.002694 0.990656
TAG 22.131483 -0.364214 2.731562 -0.010157 -0.139996 -0.001242 0.990099
TAG 22.111919 -0.365721 2.736994 -0.005665 -0.136254 -0.002699 0.990654
TAG 22.094659 -0.377014 2.738125 -0.009078 -0.136835 -0.000944 0.990552
TAG 22.086740 -0.369702 2.741581 -0.006068 -0.135664 -0.002281 0.990734
TAG 22.069822 -0.373147 2.749166 -0.003856 -0.140265 -0.001647 0.990105
TAG 22.076243 -0.359350 2.753158 -0.004357 -0.141412 -0.000885 0.989941
TAG 22.070274 -0.342084 2.744171 0.005073 -0.137448 -0.002926 0.990492
TAG 22.040862 -0.365937 2.743379 -0.004197 -0.138538 -0.002118 0.990346
TAG 22.028302 -0.362650 2.735973 -0.006219 -0.145867 0.001345 0.989284
TAG 22.024021 -0.368734 2.732840 -0.008422 -0.140307 -0.002979 0.990068
TAG 22.015559 -0.365805 2.727552 -0.007937 -0.136916 -0.003094 0.990546
TAG 22.003685 -0.354537 2.723389 0.000166 -0.133765 -0.004011 0.991005
TAG 22.006039 -0.366850 2.717982 -0.005789 -0.135473 -0.005661 0.990748
TAG 22.008824 -0.364233 2.719703 -0.004676 -0.131670 -0.006919 0.991259
TAG 22.009805 -0.362618 2.719555 -0.003002 -0.133080 -0.006777 0.991078
TAG 22.018830 -0.365711 2.715972 -0.007464 -0.133967 -0.009218 0.990915
PATH 21.325382 0.260907 3.658298 0.514638 -0.632323 -0.477254 -0.327940
