PATH -1.346715 0.657424 3.224397 -0.782416 0.274017 0.149931 0.538760
PATH -1.340411 0.655530 3.229819 -0.776301 0.279857 0.145378 0.545804
PATH -1.334113 0.653409 3.235463 -0.771217 0.284426 0.134034 0.553499
PATH -1.330351 0.652873 3.236957 -0.772744 0.286534 0.123621 0.552706
PATH -1.330090 0.653292 3.236939 -0.775455 0.284517 0.121965 0.550313
PATH -1.330649 0.653614 3.236976 -0.775650 0.283385 0.122535 0.550495
PATH -1.331257 0.653280 3.236589 -0.775079 0.283717 0.121983 0.551251
PATH -1.332530 0.653323 3.235649 -0.773979 0.285249 0.123311 0.551710
PATH -1.334006 0.653817 3.234502 -0.774702 0.285588 0.124567 0.550236
PATH -1.335705 0.654081 3.233026 -0.776014 0.284748 0.124446 0.548849
PATH -1.336247 0.653721 3.233346 -0.776201 0.284301 0.123816 0.548958
PATH -1.336566 0.652940 3.233489 -0.776411 0.284386 0.123371 0.548717
PATH -1.336733 0.651995 3.232905 -0.776299 0.285359 0.123483 0.548345
PATH -1.336762 0.650941 3.232502 -0.776048 0.286967 0.123139 0.547939
PATH -1.336962 0.650482 3.232607 -0.776858 0.287418 0.122353 0.546728
PATH -1.336703 0.650660 3.232702 -0.777247 0.286947 0.122528 0.546384
PATH -1.335469 0.650739 3.232471 -0.777544 0.286769 0.122003 0.546173
PATH -1.334592 0.650552 3.232127 -0.778437 0.286409 0.121485 0.545204
PATH -1.334941 0.649988 3.231995 -0.778734 0.286589 0.121142 0.544762
PATH -1.335599 0.649797 3.232279 -0.778923 0.286772 0.120137 0.544617
PATH -1.337632 0.651227 3.233601 -0.779577 0.285266 0.119493 0.544615
PATH -1.338288 0.652072 3.234136 -0.779887 0.284599 0.118543 0.544727
PATH -1.339265 0.652396 3.234289 -0.779589 0.285084 0.118795 0.544845
PATH -1.341254 0.653235 3.232476 -0.780151 0.286829 0.119000 0.543077
PATH -1.343547 0.655879 3.229654 -0.783254 0.285139 0.121179 0.539003
PATH -1.345143 0.659372 3.229690 -0.782616 0.283868 0.124011 0.539956
PATH -1.346187 0.662108 3.231754 -0.781886 0.282304 0.125258 0.541543
PATH -1.345302 0.662897 3.234169 -0.783474 0.280883 0.123051 0.540493
PATH -1.341942 0.661968 3.239155 -0.785931 0.280220 0.113517 0.539354
PATH -1.340517 0.661560 3.241069 -0.785696 0.280958 0.111572 0.539718
PATH -1.339510 0.661826 3.243721 -0.786209 0.281312 0.110464 0.539015
PATH -1.338787 0.662884 3.245855 -0.785568 0.281653 0.110736 0.539715
PATH -1.338527 0.663569 3.246520 -0.785432 0.281416 0.111667 0.539844
PATH -1.338443 0.664070 3.247272 -0.785944 0.281367 0.111715 0.539114
PATH -1.338278 0.664824 3.248118 -0.785369 0.281849 0.111854 0.539672
PATH -1.338070 0.666128 3.248333 -0.786374 0.280912 0.110780 0.538918
PATH -1.337094 0.669086 3.246630 -0.789739 0.278518 0.107244 0.535948
PATH -1.335122 0.676972 3.242033 -0.790105 0.277767 0.110101 0.535217
PATH -1.332399 0.690381 3.234608 -0.785158 0.278503 0.123921 0.539079
PATH -1.324579 0.705760 3.222547 -0.783749 0.275811 0.128740 0.541380
PATH -1.304911 0.724568 3.201216 -0.782252 0.279907 0.120875 0.543253
PATH -1.270006 0.746938 3.168890 -0.764913 0.320716 0.111416 0.547390
PATH -1.233618 0.754691 3.135682 -0.726821 0.400533 0.104069 0.548156
PATH -1.218128 0.715902 3.110231 -0.748558 0.462423 0.088750 0.466850
PATH -1.231537 0.700126 3.109897 -0.794961 0.414802 0.118830 0.426446
PATH -1.242839 0.693759 3.108023 -0.818423 0.380510 0.139787 0.407253
PATH -1.250622 0.698270 3.106425 -0.833902 0.339292 0.163431 0.403458
PATH -1.256230 0.707755 3.111456 -0.833565 0.295595 0.188472 0.426932
PATH -1.257094 0.717274 3.119837 -0.821843 0.257897 0.201148 0.466480
PATH -1.252495 0.723834 3.129524 -0.807166 0.244934 0.194665 0.500596
PATH -1.243026 0.723803 3.139752 -0.795551 0.249099 0.175206 0.523786
PATH -1.214342 0.719063 3.175341 -0.748708 0.271139 0.132689 0.590182
PATH -1.204727 0.717474 3.187271 -0.731492 0.277997 0.118152 0.611292
PATH -1.193748 0.717320 3.210426 -0.731910 0.271276 0.102135 0.616673
PATH -1.162989 0.708661 3.298998 -0.793020 0.215120 0.025558 0.569376
PATH -1.155537 0.705711 3.348437 -0.823935 0.152732 -0.024260 0.545175
PATH -1.154322 0.713971 3.339573 -0.821793 0.120369 -0.022761 0.556462
PATH -1.150371 0.712540 3.332992 -0.826005 0.121097 -0.026251 0.549876
PATH -1.147469 0.709369 3.332050 -0.822690 0.132911 -0.026997 0.552076
PATH -1.149317 0.707299 3.336671 -0.803368 0.165601 0.000299 0.571993
PATH -1.154245 0.709858 3.336270 -0.782363 0.221095 0.052668 0.579871
PATH -1.165919 0.717668 3.328931 -0.771637 0.292945 0.128828 0.549694
PATH -1.165589 0.721456 3.329568 -0.768075 0.306047 0.131826 0.546826
PATH -1.162334 0.727078 3.336164 -0.765331 0.298606 0.128521 0.555505
PATH -1.161790 0.728570 3.340054 -0.766639 0.288112 0.124917 0.560047
PATH -1.160497 0.731324 3.344644 -0.766070 0.272533 0.120451 0.569521
PATH -1.159675 0.731226 3.345872 -0.765452 0.269084 0.118237 0.572448
PATH -1.159176 0.729537 3.345904 -0.767390 0.267932 0.113070 0.571437
PATH -1.160241 0.724727 3.342937 -0.767893 0.271774 0.108956 0.569744
PATH -1.160460 0.721630 3.336240 -0.773836 0.276534 0.105628 0.559956
PATH -1.160611 0.717411 3.330789 -0.784678 0.279125 0.096542 0.545023
PATH -1.161229 0.713601 3.327216 -0.790568 0.281095 0.092227 0.536174
PATH -1.161571 0.709700 3.323596 -0.796826 0.282910 0.089668 0.526298
PATH -1.159850 0.705321 3.322041 -0.802638 0.284147 0.085364 0.517441
PATH -1.158770 0.700863 3.325744 -0.797590 0.282017 0.089385 0.525669
PATH -1.159649 0.700741 3.329232 -0.791932 0.276106 0.093372 0.536554
PATH -1.159788 0.701347 3.335394 -0.784198 0.269239 0.096843 0.550605
PATH -1.159191 0.701560 3.343741 -0.784000 0.256325 0.093890 0.557519
PATH -1.156250 0.700949 3.361201 -0.788338 0.229105 0.078493 0.565573
PATH -1.153522 0.701259 3.365740 -0.787877 0.223118 0.069943 0.569716
PATH -1.152843 0.701997 3.367124 -0.787077 0.217243 0.065963 0.573555
PATH -1.151999 0.701866 3.368931 -0.780345 0.215317 0.063750 0.583641
PATH -1.151010 0.700767 3.370311 -0.780766 0.213036 0.058682 0.584446
PATH -1.149584 0.699028 3.372161 -0.780241 0.207460 0.052151 0.587762
PATH -1.150250 0.699151 3.372174 -0.782321 0.194643 0.046545 0.589849
PATH -1.150610 0.698416 3.368021 -0.776965 0.198640 0.048822 0.595385
PATH -1.150944 0.697389 3.364886 -0.776970 0.202091 0.049537 0.594158
PATH -1.150884 0.696022 3.361511 -0.782178 0.205208 0.048229 0.586312
PATH -1.150929 0.695507 3.361258 -0.785550 0.203679 0.046009 0.582502
PATH -1.150932 0.695520 3.361984 -0.786357 0.202894 0.044490 0.581805
PATH -1.152124 0.696206 3.363426 -0.786042 0.200535 0.044550 0.583043
PATH -1.152811 0.696450 3.363096 -0.786694 0.199113 0.044800 0.582632
PATH -1.152970 0.695617 3.363085 -0.788096 0.199117 0.043657 0.580820
PATH -1.152881 0.693610 3.361357 -0.791233 0.196188 0.041675 0.577688
PATH -1.152930 0.692145 3.361057 -0.792264 0.193842 0.041317 0.577093
PATH -1.151937 0.687510 3.362017 -0.792467 0.194540 0.037927 0.576812
PATH -1.151071 0.687482 3.363693 -0.790502 0.192185 0.038054 0.580279
PATH -1.150801 0.688397 3.364083 -0.790945 0.190795 0.037610 0.580162
PATH -1.150283 0.687303 3.366176 -0.792404 0.186356 0.034008 0.579837
PATH -1.150865 0.686973 3.367637 -0.794178 0.181377 0.032826 0.579056
PATH -1.152352 0.687645 3.367513 -0.794099 0.176992 0.033145 0.580502
PATH -1.154653 0.686937 3.364315 -0.797426 0.169109 0.030054 0.578456
PATH -1.157237 0.687400 3.359006 -0.798795 0.156115 0.023089 0.580536
PATH -1.167815 0.691094 3.334115 -0.803268 0.121748 0.016121 0.582819
PATH -1.172549 0.685847 3.320458 -0.807142 0.123128 0.011698 0.577256
PATH -1.188907 0.664478 3.289498 -0.833448 0.117858 -0.007875 0.539826
PATH -1.195132 0.652684 3.273507 -0.842350 0.126842 -0.013306 0.523623
PATH -1.201275 0.645733 3.259917 -0.850830 0.128979 -0.017348 0.509069
PATH -1.208191 0.647856 3.250805 -0.841046 0.123047 -0.012436 0.526636
PATH -1.209921 0.650192 3.252950 -0.840963 0.109277 -0.019185 0.529595
PATH -1.213206 0.649605 3.260950 -0.844244 0.084443 -0.051718 0.526732
PATH -1.216132 0.641916 3.262588 -0.850938 0.075263 -0.079831 0.513680
PATH -1.219473 0.632506 3.261878 -0.851922 0.071298 -0.092459 0.510486
PATH -1.223977 0.613257 3.255598 -0.846686 0.079668 -0.102450 0.516024
PATH -1.230608 0.600687 3.246553 -0.848822 0.081678 -0.111484 0.510296
PATH -1.254629 0.575700 3.214906 -0.849983 0.082176 -0.126312 0.504799
PATH -1.266250 0.562962 3.195102 -0.860397 0.080784 -0.135531 0.484586
PATH -1.274508 0.549533 3.177293 -0.868958 0.085462 -0.140856 0.466657
PATH -1.279908 0.537875 3.151207 -0.872774 0.093605 -0.108031 0.466726
PATH -1.276568 0.545318 3.144717 -0.864380 0.111042 -0.080863 0.483713
PATH -1.274524 0.559913 3.145332 -0.856985 0.115094 -0.054774 0.499329
PATH -1.270440 0.575570 3.151708 -0.857403 0.106027 -0.043888 0.501689
PATH -1.259954 0.588027 3.160017 -0.865113 0.090865 -0.045754 0.491151
PATH -1.232601 0.595233 3.172659 -0.892205 0.061454 -0.053556 0.444214
PATH -1.219922 0.591798 3.177526 -0.899382 0.052723 -0.055731 0.430379
PATH -1.209109 0.583259 3.181291 -0.902605 0.048118 -0.064973 0.422809
PATH -1.193838 0.560750 3.180670 -0.916671 0.052216 -0.078518 0.388360
PATH -1.190365 0.553525 3.178794 -0.920700 0.059366 -0.078198 0.377720
PATH -1.192075 0.555460 3.180266 -0.907552 0.056819 -0.052219 0.412788
PATH -1.191869 0.550336 3.195127 -0.903130 0.026817 -0.047501 0.425888
PATH -1.183032 0.535098 3.211669 -0.909070 -0.015106 -0.139447 0.392323
PATH -1.184533 0.520497 3.213870 -0.902916 -0.020802 -0.171797 0.393442
PATH -1.190870 0.506266 3.200480 -0.899592 -0.018509 -0.156448 0.407329
PATH -1.211497 0.497421 3.186705 -0.895468 -0.020096 -0.157488 0.415850
PATH -1.225899 0.496636 3.173839 -0.879980 -0.006534 -0.133811 0.455728
PATH -1.231384 0.497539 3.170747 -0.870521 -0.002899 -0.110106 0.479647
PATH -1.234959 0.501206 3.174538 -0.855749 0.005215 -0.083542 0.510576
PATH -1.237008 0.505993 3.173773 -0.847405 0.018727 -0.069130 0.526095
PATH -1.241024 0.514056 3.171605 -0.835410 0.035794 -0.045748 0.546549
PATH -1.253208 0.538575 3.172128 -0.817444 0.051038 -0.012330 0.573611
PATH -1.260217 0.551977 3.174219 -0.815471 0.053780 -0.019503 0.575964
PATH -1.285551 0.555444 3.180249 -0.819374 0.030961 -0.061247 0.569137
PATH -1.306913 0.552168 3.195170 -0.841877 0.008055 -0.077261 0.534050
PATH -1.316472 0.549060 3.202611 -0.855266 0.005454 -0.069268 0.513509
PATH -1.306419 0.546852 3.228648 -0.857363 0.043112 -0.060407 0.509334
PATH -1.265534 0.592861 3.248296 -0.835767 0.114437 -0.075860 0.531643
PATH -1.251701 0.645226 3.240295 -0.823224 0.122714 -0.046168 0.552369
PATH -1.249662 0.745332 3.193836 -0.825088 0.099477 0.034357 0.555117
PATH -1.247021 0.765509 3.168441 -0.829354 0.104468 0.033943 0.547820
PATH -1.247637 0.740079 3.100843 -0.848098 0.101299 0.065928 0.515870
PATH -1.236706 0.714850 3.047522 -0.862619 0.106492 0.065055 0.490221
PATH -1.221766 0.691240 2.987234 -0.874512 0.121215 0.054777 0.466408
PATH -1.212320 0.671793 2.934097 -0.876946 0.139541 0.054168 0.456683
PATH -1.203721 0.657368 2.891819 -0.877486 0.148927 0.068064 0.450784
PATH -1.188549 0.647741 2.859661 -0.872500 0.166275 0.094568 0.449615
PATH -1.133112 0.631175 2.822132 -0.824874 0.217985 0.183605 0.488217
PATH -1.003764 0.600583 2.792472 -0.768124 0.269957 0.220233 0.537221
PATH -0.803430 0.560820 2.759618 -0.737946 0.327035 0.166772 0.566278
PATH -0.701299 0.536668 2.732364 -0.705799 0.392414 0.104419 0.580478
PATH -0.410639 0.375220 2.622085 -0.713862 0.482477 0.076309 0.501790
PATH -0.256608 0.340746 2.594732 -0.749774 0.431370 0.070959 0.496712
PATH 0.313897 0.333780 2.617886 -0.719611 0.370229 0.097681 0.579266
PATH 0.480633 0.335811 2.632092 -0.709224 0.358506 0.058487 0.604198
PATH 0.727033 0.328240 2.640008 -0.683143 0.366787 0.033167 0.630621
PATH 0.998109 0.303791 2.656708 -0.670597 0.344438 0.057633 0.654477
PATH 1.176501 0.295847 2.678708 -0.698492 0.300587 0.064502 0.646217
PATH 1.476524 0.279038 2.731981 -0.722114 0.310168 0.092707 0.611353
PATH 1.641144 0.304459 2.747029 -0.676103 0.376527 0.158328 0.613225
PATH 1.722082 0.314840 2.756402 -0.687636 0.375747 0.190365 0.591382
PATH 1.777870 0.310612 2.761710 -0.683764 0.385091 0.201586 0.586119
PATH 1.852654 0.295421 2.764732 -0.702901 0.382671 0.201699 0.564634
PATH 1.904868 0.283789 2.778901 -0.693744 0.404384 0.209570 0.557920
PATH 1.926853 0.271496 2.808181 -0.687349 0.425487 0.203582 0.552329
PATH 1.928901 0.252058 2.863781 -0.686990 0.425678 0.169209 0.564103
PATH 1.955333 0.247195 2.883648 -0.676205 0.414288 0.128376 0.595510
PATH 1.973185 0.234649 2.885005 -0.678683 0.405319 0.101098 0.604058
PATH 1.977354 0.223564 2.879854 -0.684553 0.403770 0.088507 0.600436
PATH 1.978844 0.215733 2.869510 -0.681791 0.417867 0.093242 0.593173
PATH 1.977382 0.210015 2.856961 -0.692423 0.426681 0.104214 0.572392
PATH 1.976364 0.208471 2.850325 -0.701489 0.429637 0.115761 0.556709
PATH 1.977370 0.211646 2.848121 -0.698929 0.431708 0.129208 0.555366
PATH 1.971088 0.213767 2.853180 -0.727296 0.371645 0.164985 0.552902
PATH 1.966865 0.213912 2.855271 -0.736139 0.347534 0.181098 0.551836
PATH 1.965969 0.214905 2.857015 -0.744852 0.329649 0.179378 0.551680
PATH 1.963428 0.216265 2.857344 -0.750919 0.317143 0.184609 0.549055
PATH 1.961467 0.218049 2.859420 -0.755915 0.302600 0.186621 0.549726
PATH 1.960720 0.219468 2.863565 -0.757536 0.290505 0.189731 0.552945
PATH 1.961043 0.219722 2.867933 -0.759219 0.280530 0.190071 0.555665
PATH 1.962141 0.218941 2.869255 -0.761295 0.272682 0.190506 0.556581
PATH 1.963794 0.217939 2.870664 -0.761664 0.268446 0.189629 0.558432
PATH 1.965130 0.217838 2.872961 -0.762486 0.260918 0.190898 0.560442
PATH 1.965278 0.218848 2.874615 -0.765448 0.251445 0.190959 0.560713
PATH 1.964521 0.219743 2.875027 -0.766565 0.245592 0.193695 0.560843
PATH 1.965033 0.219623 2.874468 -0.767515 0.243901 0.193241 0.560438
PATH 1.966574 0.218523 2.874341 -0.767772 0.245283 0.189278 0.560836
PATH 1.967332 0.216594 2.874770 -0.768661 0.243115 0.187706 0.561090
PATH 1.967911 0.214411 2.874383 -0.771067 0.240440 0.185621 0.559634
PATH 1.968197 0.212753 2.872396 -0.770821 0.246495 0.187474 0.556713
PATH 1.965738 0.212544 2.870158 -0.771105 0.248786 0.197766 0.551717
PATH 1.960407 0.215578 2.870209 -0.773489 0.238810 0.210192 0.548183
PATH 1.960545 0.214237 2.871709 -0.770623 0.240252 0.207239 0.552695
PATH 1.961711 0.210844 2.870125 -0.770789 0.247132 0.198447 0.552656
PATH 1.961963 0.207020 2.867456 -0.771749 0.255276 0.190952 0.550251
PATH 1.959214 0.205210 2.866219 -0.769522 0.261256 0.188520 0.551400
PATH 1.943379 0.206049 2.864326 -0.765871 0.264844 0.191218 0.553837
PATH 1.939846 0.208109 2.864516 -0.764192 0.265675 0.193549 0.554947
PATH 1.937183 0.210034 2.865970 -0.762898 0.264547 0.195161 0.556699
PATH 1.936999 0.209444 2.869901 -0.759392 0.268575 0.194147 0.559910
PATH 1.937577 0.208488 2.871096 -0.761004 0.266472 0.190602 0.559944
PATH 1.936922 0.207416 2.871249 -0.772219 0.251672 0.177208 0.555821
PATH 1.936745 0.204711 2.871854 -0.782120 0.239707 0.157068 0.553316
PATH 1.939795 0.197605 2.876104 -0.774330 0.249649 0.145106 0.563057
PATH 1.939738 0.190826 2.876881 -0.776246 0.248247 0.140878 0.562111
PATH 1.938730 0.185494 2.878199 -0.776528 0.245825 0.140598 0.562856
PATH 1.938615 0.181526 2.879385 -0.773871 0.246935 0.141508 0.565793
PATH 1.938457 0.179638 2.880196 -0.776987 0.239482 0.138643 0.565436
PATH 1.938645 0.179941 2.882877 -0.778094 0.230676 0.136662 0.568051
PATH 1.939100 0.181970 2.885238 -0.777577 0.224733 0.133689 0.571836
PATH 1.938499 0.183414 2.885273 -0.780179 0.218585 0.131019 0.571293
PATH 1.937010 0.183133 2.884810 -0.785803 0.212406 0.126841 0.566842
PATH 1.937044 0.184863 2.885683 -0.785938 0.210344 0.125677 0.567682
PATH 1.936533 0.187488 2.887257 -0.787071 0.205068 0.125758 0.568024
PATH 1.935528 0.190043 2.889955 -0.786837 0.200120 0.127469 0.569729
PATH 1.935116 0.194045 2.892578 -0.786116 0.197043 0.128776 0.571501
PATH 1.936187 0.195269 2.895852 -0.783599 0.198618 0.129037 0.574346
PATH 1.939880 0.194432 2.899521 -0.778866 0.205776 0.129833 0.578072
PATH 1.943149 0.192462 2.901336 -0.779144 0.207920 0.127539 0.577441
PATH 1.945603 0.187359 2.904732 -0.786802 0.197283 0.114819 0.573445
PATH 1.956467 0.180169 2.922325 -0.798059 0.168279 0.072860 0.574000
PATH 1.976372 0.174201 2.964405 -0.805702 0.114421 0.001536 0.581163
PATH 1.989354 0.169802 3.018650 -0.794692 0.071862 -0.043813 0.601150
PATH 1.985814 0.163732 3.052184 -0.776448 0.072371 -0.035358 0.625012
PATH 1.919743 0.134630 3.019757 -0.781109 0.165001 0.005933 0.602170
PATH 1.636898 0.096901 2.922826 -0.707389 0.477386 0.213438 0.475550
PATH 1.562229 0.117002 2.932460 -0.696191 0.503602 0.261500 0.439683
PATH 1.500859 0.138546 2.936458 -0.688520 0.510637 0.300792 0.417989
PATH 1.447737 0.165614 2.929365 -0.694326 0.498325 0.332949 0.398408
PATH 1.396529 0.195036 2.920341 -0.697377 0.474914 0.367381 0.391349
PATH 1.290646 0.235227 2.907935 -0.684195 0.468873 0.399094 0.390845
PATH 1.225427 0.246818 2.905304 -0.672360 0.478613 0.400035 0.398539
PATH 1.156864 0.251104 2.903477 -0.657198 0.493530 0.382306 0.422329
PATH 1.024039 0.253838 2.907745 -0.613715 0.495103 0.372049 0.489700
PATH 0.958007 0.257575 2.902048 -0.619225 0.471810 0.364249 0.511154
PATH 0.899803 0.265145 2.871385 -0.662558 0.439548 0.344241 0.499312
PATH 0.809435 0.269824 2.804450 -0.687838 0.440008 0.329893 0.473753
PATH 0.709666 0.263889 2.749122 -0.693200 0.446968 0.324585 0.462966
PATH 0.631671 0.266115 2.711150 -0.692854 0.470306 0.319688 0.443357
PATH 0.544525 0.270982 2.677888 -0.674542 0.513003 0.330810 0.415195
PATH 0.445788 0.270644 2.652424 -0.650608 0.556464 0.353198 0.377238
PATH 0.338059 0.271048 2.626303 -0.635881 0.577105 0.374609 0.349677
PATH 0.229342 0.279382 2.587532 -0.632927 0.581268 0.386477 0.334913
PATH 0.126699 0.287813 2.542286 -0.631105 0.581052 0.394548 0.329268
PATH -0.069221 0.271339 2.452707 -0.645230 0.570854 0.399617 0.313226
PATH -0.222700 0.255324 2.393240 -0.625929 0.584963 0.406026 0.318079
PATH -0.372642 0.270032 2.339071 -0.594707 0.614447 0.427115 0.293855
PATH -0.475807 0.285225 2.306158 -0.578835 0.636926 0.434978 0.264707
PATH -0.688083 0.282918 2.236135 -0.585075 0.634543 0.427643 0.268634
PATH -0.777727 0.278323 2.197893 -0.582317 0.640631 0.411810 0.284450
PATH -0.853381 0.278992 2.152032 -0.581331 0.646488 0.412614 0.271769
PATH 0.640459 -0.701929 2.005710 -0.315059 0.631017 0.699497 0.115151
PATH 0.625959 -0.713996 2.001980 0.301981 -0.612828 -0.718173 -0.132200
PATH 0.455846 -0.516038 1.884259 0.260188 -0.627799 -0.677421 -0.281551
PATH 0.442518 -0.519565 1.869503 0.331256 -0.594685 -0.652009 -0.333920
PATH 0.404395 -0.446351 1.829032 0.420888 -0.548086 -0.615266 -0.379344
PATH 0.365502 -0.397013 1.829513 0.473841 -0.497757 -0.608288 -0.397112
PATH 0.343359 -0.370238 1.831627 0.457015 -0.479500 -0.649005 -0.374179
PATH 0.320640 -0.373064 1.838467 0.431292 -0.458205 -0.685288 -0.366627
PATH 0.325858 -0.407533 1.849392 0.422057 -0.406070 -0.702545 -0.404234
PATH 0.314904 -0.432678 1.858384 0.438598 -0.385243 -0.702242 -0.407525
PATH 0.278244 -0.418555 1.865241 0.436462 -0.423189 -0.697688 -0.379005
PATH 0.275464 -0.406864 1.851817 0.442383 -0.443936 -0.688438 -0.365063
PATH 0.329597 -0.432941 1.819457 0.418861 -0.466777 -0.688664 -0.363892
PATH 0.319757 -0.409142 1.832447 0.421274 -0.477564 -0.670476 -0.380687
PATH 0.308093 -0.391759 1.840851 0.436582 -0.480903 -0.650798 -0.393181
PATH 0.329999 -0.422489 1.823754 0.446108 -0.479999 -0.635160 -0.408854
PATH 0.332520 -0.424182 1.825586 0.467652 -0.473499 -0.622520 -0.411788
PATH 0.337080 -0.423434 1.823876 0.472022 -0.484358 -0.609985 -0.412929
PATH 0.292620 -0.327703 1.803374 0.490743 -0.515559 -0.580349 -0.395685
PATH -0.242463 0.184343 1.832942 0.583074 -0.566250 -0.435508 -0.386936
PATH 0.105302 -0.190302 1.759064 0.489116 -0.561742 -0.546912 -0.382230
PATH 0.316824 -0.409264 1.745707 0.436992 -0.541218 -0.610115 -0.379317
PATH 0.320000 -0.394381 1.741476 0.424363 -0.510286 -0.623322 -0.413514
PATH 0.350158 -0.385144 1.740504 0.400746 -0.495857 -0.624723 -0.450832
PATH 0.365073 -0.368363 1.740281 0.376267 -0.500639 -0.618664 -0.474384
PATH 0.380679 -0.359997 1.735077 0.433490 -0.479676 -0.594878 -0.477617
PATH 0.365574 -0.339811 1.729527 0.494899 -0.458514 -0.574140 -0.463899
PATH 0.367852 -0.353292 1.718989 0.507614 -0.485549 -0.551856 -0.449473
PATH 0.372848 -0.362345 1.716109 0.494602 -0.497406 -0.548584 -0.454986
PATH 0.397119 -0.381875 1.698422 0.482332 -0.500230 -0.556777 -0.455111
PATH 0.404392 -0.390859 1.692837 0.474919 -0.507011 -0.555650 -0.456777
PATH 0.401615 -0.391751 1.694224 0.473175 -0.510604 -0.554809 -0.455606
PATH 0.393349 -0.389103 1.696793 0.473774 -0.513062 -0.553433 -0.453892
PATH 0.384055 -0.381378 1.706351 0.470864 -0.524826 -0.545314 -0.453297
PATH 0.365233 -0.383973 1.709181 0.478048 -0.519568 -0.547883 -0.448713
PATH 0.376031 -0.407568 1.691550 0.473095 -0.514346 -0.558575 -0.446793
PATH 0.373115 -0.406131 1.693483 0.471855 -0.517338 -0.557730 -0.445705
PATH 0.365452 -0.398622 1.700993 0.475617 -0.518671 -0.554751 -0.443870
PATH 0.361184 -0.414113 1.695306 0.471850 -0.518688 -0.557957 -0.443852
PATH 0.362210 -0.409858 1.696973 0.469863 -0.520307 -0.561212 -0.439944
PATH 0.372110 -0.397991 1.700786 0.466370 -0.525289 -0.563278 -0.435073
PATH 0.354329 -0.399636 1.707506 0.466534 -0.526045 -0.559750 -0.438524
PATH 0.352687 -0.403947 1.706576 0.465157 -0.525028 -0.560211 -0.440611
PATH 0.344257 -0.407322 1.708133 0.466952 -0.524173 -0.558897 -0.441399
PATH 0.326839 -0.371086 1.727959 0.475404 -0.531095 -0.550938 -0.434048
PATH 0.330616 -0.381126 1.721478 0.470472 -0.529844 -0.558224 -0.431633
PATH 0.348577 -0.405742 1.705901 0.461586 -0.527143 -0.566646 -0.433556
PATH 0.351919 -0.412492 1.703790 0.463442 -0.519614 -0.568145 -0.438674
PATH 0.350299 -0.416104 1.703635 0.464979 -0.511118 -0.571924 -0.442105
PATH 0.346504 -0.421181 1.704169 0.464850 -0.501374 -0.575739 -0.448401
PATH 0.343714 -0.429111 1.704680 0.464581 -0.492618 -0.580430 -0.452320
PATH 0.314984 -0.396504 1.726553 0.475018 -0.486252 -0.574545 -0.455868
PATH 0.323191 -0.396870 1.722404 0.473743 -0.489234 -0.572999 -0.455951
PATH 0.339381 -0.399143 1.715351 0.471741 -0.493144 -0.573687 -0.452939
PATH 0.324186 -0.405119 1.716411 0.476496 -0.490288 -0.570582 -0.454979
PATH 0.318677 -0.411564 1.711552 0.480530 -0.492343 -0.566503 -0.453612
PATH 0.323641 -0.421503 1.703498 0.479087 -0.491652 -0.570609 -0.450733
PATH 0.329754 -0.428006 1.696439 0.475966 -0.491556 -0.575732 -0.447617
PATH 0.313721 -0.414084 1.705897 0.480006 -0.491868 -0.573198 -0.446211
PATH 0.309396 -0.410395 1.708351 0.481027 -0.491317 -0.572962 -0.446022
PATH 0.309625 -0.407088 1.711604 0.481018 -0.491468 -0.571592 -0.447619
PATH 0.310801 -0.402307 1.716038 0.481168 -0.490778 -0.569618 -0.450723
PATH 0.313711 -0.398809 1.718149 0.479473 -0.490725 -0.567609 -0.455099
PATH 0.323903 -0.389967 1.718659 0.479107 -0.492925 -0.567892 -0.452748
PATH 0.329387 -0.381839 1.719583 0.479449 -0.495558 -0.567211 -0.450359
PATH 0.319495 -0.404640 1.714900 0.480436 -0.488212 -0.569515 -0.454404
PATH 0.311412 -0.401428 1.712525 0.475517 -0.465069 -0.581134 -0.468912
PATH 0.375772 -0.340287 1.675362 0.477138 -0.603002 -0.522547 -0.368338
PATH 0.312511 -0.358739 1.683123 0.488059 -0.544238 -0.558159 -0.392507
PATH 0.305233 -0.362540 1.683301 0.488302 -0.543285 -0.559441 -0.391699
PATH 0.302311 -0.343364 1.687005 0.493379 -0.544674 -0.560013 -0.382483
PATH 0.300621 -0.343901 1.686916 0.491507 -0.545240 -0.560964 -0.382694
PATH 0.275744 -0.340503 1.699112 0.493910 -0.540092 -0.562084 -0.385247
PATH 0.309808 -0.344557 1.694532 0.484383 -0.538502 -0.569994 -0.387938
PATH 0.311150 -0.343540 1.696683 0.482880 -0.534888 -0.573260 -0.389994
PATH 0.313413 -0.344793 1.696865 0.480446 -0.535024 -0.575834 -0.389020
PATH 0.306463 -0.359837 1.694983 0.478606 -0.532304 -0.580122 -0.388648
PATH 0.303234 -0.368285 1.696367 0.473870 -0.527513 -0.586843 -0.390889
PATH 0.308601 -0.362610 1.697932 0.471473 -0.530242 -0.587127 -0.389665
PATH 0.327563 -0.374314 1.690188 0.465417 -0.529966 -0.594176 -0.386624
PATH 0.311115 -0.360850 1.701105 0.466666 -0.531376 -0.593507 -0.384203
PATH 0.286564 -0.353602 1.710832 0.469806 -0.531386 -0.589229 -0.386937
PATH 0.263996 -0.347083 1.720502 0.471106 -0.531564 -0.586150 -0.389777
PATH 0.271593 -0.347914 1.718910 0.468823 -0.531632 -0.588559 -0.388807
PATH 0.290103 -0.352023 1.713703 0.466127 -0.531681 -0.592727 -0.385637
PATH 0.299086 -0.355722 1.711870 0.464599 -0.531987 -0.595605 -0.382613
PATH 0.303417 -0.356437 1.711964 0.463026 -0.532224 -0.597460 -0.381296
PATH 0.315160 -0.337717 1.716831 0.459141 -0.536729 -0.599364 -0.376663
PATH 0.244035 -0.346450 1.729295 0.469909 -0.525297 -0.592884 -0.389534
PATH 0.249809 -0.354415 1.725933 0.467654 -0.523390 -0.595744 -0.390452
PATH 0.262731 -0.365203 1.720768 0.463593 -0.523037 -0.600450 -0.388553
PATH 0.308422 -0.367043 1.713442 0.455629 -0.524673 -0.611189 -0.378903
PATH 0.262281 -0.376885 1.719325 0.456112 -0.519210 -0.608559 -0.389921
PATH 0.300992 -0.358613 1.719414 0.453730 -0.522731 -0.614968 -0.377750
PATH 0.285873 -0.361909 1.721536 0.452542 -0.521025 -0.615204 -0.381133
PATH 0.263335 -0.359950 1.726161 0.457646 -0.518574 -0.612834 -0.382199
PATH 0.263341 -0.360496 1.725803 0.458049 -0.519685 -0.612459 -0.380804
PATH 0.267833 -0.365454 1.724523 0.456122 -0.519790 -0.613819 -0.380785
PATH 0.274343 -0.371680 1.722754 0.452854 -0.520073 -0.615255 -0.381981
PATH 0.278177 -0.369665 1.723489 0.451795 -0.521433 -0.615659 -0.380728
PATH 0.296118 -0.358575 1.728251 0.451823 -0.522102 -0.619870 -0.372862
PATH 0.267027 -0.371965 1.730584 0.451738 -0.517412 -0.619060 -0.380766
PATH 0.268439 -0.370565 1.733509 0.448671 -0.518688 -0.620735 -0.379929
PATH 0.281396 -0.364215 1.741160 0.441710 -0.518161 -0.628606 -0.375841
PATH 0.279634 -0.366475 1.741338 0.441447 -0.516519 -0.630305 -0.375564
PATH 0.275858 -0.376234 1.737011 0.443428 -0.511995 -0.632642 -0.375496
PATH 0.260386 -0.377429 1.740066 0.444168 -0.514077 -0.629275 -0.377428
PATH 0.255609 -0.379938 1.741131 0.443020 -0.514079 -0.628943 -0.379325
PATH 0.273420 -0.385152 1.739309 0.438040 -0.513098 -0.634416 -0.377317
PATH 0.265762 -0.378525 1.750422 0.436985 -0.514374 -0.633767 -0.377892
PATH 0.259771 -0.384921 1.747346 0.435001 -0.515065 -0.634254 -0.378424
PATH 0.266884 -0.373532 1.753488 0.433990 -0.517078 -0.635607 -0.374549
PATH 0.262501 -0.350274 1.770518 0.435099 -0.519617 -0.633692 -0.372990
PATH 0.253190 -0.344865 1.778224 0.434477 -0.520497 -0.631604 -0.376018
PATH 0.258534 -0.295460 1.818744 0.504547 -0.491802 -0.595852 -0.385389
PATH 0.267219 -0.348700 1.855705 0.598083 -0.471460 -0.536386 -0.363749
PATH 0.235918 -0.492261 1.853432 0.608022 -0.436231 -0.559705 -0.356009
PATH 0.217619 -0.531023 1.900449 0.579829 -0.455616 -0.583204 -0.340713
PATH 0.215611 -0.556682 1.951389 0.504991 -0.522331 -0.606064 -0.323792
PATH 0.224467 -0.564739 2.006515 0.377688 -0.624846 -0.618133 -0.291257
PATH 0.251245 -0.563175 2.074891 0.202295 -0.719319 -0.618223 -0.243838
PATH 0.263120 -0.594725 2.133895 0.063243 -0.767962 -0.612853 -0.175058
PATH 0.265452 -0.652322 2.208696 0.010747 -0.789963 -0.612105 -0.034206
PATH 0.276356 -0.696588 2.259968 -0.055874 -0.800531 -0.592638 0.069342
PATH 0.281903 -0.716512 2.282243 -0.076078 -0.786776 -0.605001 0.095757
PATH 0.276810 -0.716661 2.290256 -0.045984 -0.770847 -0.630042 0.082018
PATH 0.272889 -0.713170 2.290357 0.000268 -0.748117 -0.661862 0.047544
PATH 0.267844 -0.711378 2.289000 0.051266 -0.719224 -0.692848 0.007124
PATH 0.261802 -0.709801 2.291485 0.113027 -0.666924 -0.734499 -0.054305
PATH 0.260546 -0.710834 2.295816 0.127085 -0.648934 -0.747408 -0.064149
PATH 0.261138 -0.712107 2.300073 0.135936 -0.636996 -0.755940 -0.065664
PATH 0.268417 -0.707981 2.311024 0.128635 -0.627039 -0.765361 -0.067066
PATH 0.274895 -0.703368 2.315990 0.111793 -0.627345 -0.767510 -0.069775
PATH 0.277214 -0.702178 2.318310 0.104507 -0.626051 -0.769544 -0.070289
PATH 0.277656 -0.702251 2.319484 0.101158 -0.621412 -0.773305 -0.074926
PATH 0.276098 -0.702247 2.319328 0.104958 -0.613233 -0.778316 -0.084582
PATH 0.273105 -0.702302 2.317956 0.116054 -0.603048 -0.783311 -0.096384
PATH 0.272390 -0.702155 2.317788 0.121809 -0.594711 -0.787343 -0.107576
PATH 0.274014 -0.701613 2.319655 0.122582 -0.587555 -0.791246 -0.116972
PATH 0.275905 -0.701326 2.323247 0.122435 -0.582072 -0.794658 -0.121328
PATH 0.277914 -0.701591 2.327590 0.118320 -0.582287 -0.795634 -0.117937
PATH 0.280232 -0.702530 2.332824 0.105314 -0.586178 -0.795742 -0.109995
PATH 0.280265 -0.703659 2.339979 0.091291 -0.587733 -0.797826 -0.098544
PATH 0.277418 -0.705316 2.348420 0.087443 -0.581962 -0.803862 -0.086486
PATH 0.273645 -0.708532 2.354725 0.090418 -0.572510 -0.811424 -0.075156
PATH 0.270879 -0.712136 2.355812 0.090450 -0.571840 -0.812893 -0.063420
PATH 0.270420 -0.713819 2.353458 0.086365 -0.579021 -0.808625 -0.058330